camera_matrix:
  rows: 3
  cols: 3
  data: [ 2584.809123, 0.000000, 1540.358948, 0.000000, 2570.871247, 1087.701687, 0.000000, 0.000000, 1.000000 ]
distortion_coefficients:
  rows: 1
  cols: 4
  data: [ -0.074792, 0.105821, 0.000000, 0.000000 ]
